9.999999999999987788e-01
3.917236748580844169e-03
-3.790234306875207848e-02
-3.715701065751204901e-02
-1.429648507302506456e-02
-2.429823258679343623e-02
9.999999999999982236e-01
-8.095940524461232510e-03
-4.327923223003109915e-02
3.314416872134587355e-02
1.073143850196559279e-01
1.433110892485520149e-01
9.999999999999988898e-01
-3.651735113457077637e-03
-3.716420866430946573e-02
3.359782516318095963e-02
-2.024435933120061898e-03
-4.298650280324968487e-02
9.999999999999977796e-01
1.925253936751312317e-02
-6.274474955843596657e-02
1.044918339008221904e-02
5.378025571586497744e-02
-3.066829144382567790e-02
1.000000000000004885e+00
-1.273641400011850562e-02
-1.901278472130406641e-02
2.369912942318535068e-02
-4.069909827873761238e-02
-5.649426132532515271e-02
4.785037701349904666e-16
2.490010826964596635e+00
6.878975531095145313e-02
6.673320769213647585e-01
6.698329012507384661e-01
-1.979175509623782981e-16
-3.844842418112995652e+00
-1.663956244067042178e-01
8.129408711091401507e-01
8.441842068161469204e-01
1.072393352943581857e-15
1.120346138107555900e+00
1.417213673657709450e+00
6.317990332781840968e-01
5.316714608291588373e-01
7.361405812384461071e-16
2.628448751793774907e+00
-1.425861493615911968e+00
8.839420852452294364e-01
7.431745482852953888e-01
1.199175972455213239e-15
3.835357372800931586e+00
3.776076211609240563e+00
5.367065375330907218e-01
5.388537534441970589e-01
