fun
0.6380993958789973
hess_inv
[[ 1.         ,-0.         ,-0.         ,...,-0.         , 0.         ,
  -0.         ],
 [-0.         , 1.260299346,-0.003103816,..., 0.058397842,-0.014714497,
   0.011736859],
 [-0.         ,-0.003103816, 1.00811393 ,..., 0.002056977, 0.000493858,
   0.011562259],
 ...,
 [-0.         , 0.058397842, 0.002056977,..., 1.770506174, 0.521786374,
   0.771290729],
 [ 0.         ,-0.014714497, 0.000493858,..., 0.521786374, 4.124673318,
  -0.42817535 ],
 [-0.         , 0.011736859, 0.011562259,..., 0.771290729,-0.42817535 ,
   4.833957375]]jac
[-0.         ,-0.000001887, 0.000000813,-0.00000008 ,-0.000001364,
  0.00000087 ,-0.         , 0.000000339, 0.000003038, 0.000001698,
 -0.000004532, 0.00000335 , 0.         ,-0.000003175,-0.000003178,
 -0.000002103, 0.000001069, 0.000000561,-0.         , 0.000002539,
 -0.000001822,-0.000003035,-0.000000327, 0.000002561,-0.         ,
 -0.000003076, 0.000003191, 0.000001211, 0.000000857,-0.000001326,
  0.         ,-0.000004434, 0.000000681,-0.000000371, 0.000001896,
 -0.         , 0.000002519, 0.000003026, 0.000000644,-0.000000137,
  0.         ,-0.000001952, 0.000000045, 0.00000208 , 0.000005149,
  0.         ,-0.000001795, 0.000001586, 0.000002294, 0.000003008,
 -0.         , 0.00000078 , 0.000005745, 0.000001999, 0.000002044]message
Optimization terminated successfully.
nfev
47
nit
44
njev
47
status
0
success
True
x
[ 1.         , 0.003917237,-0.037902343,-0.037157011,-0.014296485,
 -0.024298233, 1.         ,-0.008095941,-0.043279232, 0.033144169,
  0.107314385, 0.143311089, 1.         ,-0.003651735,-0.037164209,
  0.033597825,-0.002024436,-0.042986503, 1.         , 0.019252539,
 -0.06274475 , 0.010449183, 0.053780256,-0.030668291, 1.         ,
 -0.012736414,-0.019012785, 0.023699129,-0.040699098,-0.056494261,
  0.         , 2.490010827, 0.068789755, 0.667332077, 0.669832901,
 -0.         ,-3.844842418,-0.166395624, 0.812940871, 0.844184207,
  0.         , 1.120346138, 1.417213674, 0.631799033, 0.531671461,
  0.         , 2.628448752,-1.425861494, 0.883942085, 0.743174548,
  0.         , 3.835357373, 3.776076212, 0.536706538, 0.538853753]