2.080688792719819283e-02
2.230592372460376768e-03
-1.421636635260456125e-02
2.385405036542370336e-02
-1.685560474645198675e-02
1.788818427507210193e-02
-3.547044584873170359e-03
-1.070845428052575633e-02
1.135884986572998148e-02
8.379746013661502901e-03
3.895270493593078198e-02
-2.008452864332488375e-02
3.117485092147450482e-02
-9.906156582338961070e-03
-1.468096987297343170e-02
1.637533530387454833e-02
6.021610930955301720e-03
5.667077259967459634e-04
-8.357017677682408024e-03
2.876767616012275777e-02
-1.952477384958952247e-02
3.759045727274568094e-02
-2.946939497900698257e-02
8.482190138765756393e-03
2.242301586296953191e-03
2.308126175295838883e-02
-7.075166223770858534e-03
1.217733754071310438e-02
-5.711424766776731360e-02
-2.017897944960900941e-02
-3.218132737239714353e-02
-9.731589242330836512e-03
8.725652322255906396e-03
5.281829328609793060e-04
-1.165201922346885584e-02
-1.678532126408570010e-02
1.405592943371037316e-03
2.252790674586303832e-02
2.367384277166597467e-02
-1.423930365247193242e-02
-1.385399317764113986e-02
1.288598036820973094e-03
1.156749063935520825e-04
5.854826362728052930e-03
9.295775587874534687e-03
1.058053673714809927e-02
-3.953455176182989195e-02
-1.847795934400202345e-02
-1.681725984955794242e-02
2.535567955406721908e-03
-3.966636761376832881e-02
2.303114030170938867e-02
2.095517014006956051e-03
1.870945755570867924e-02
-6.236526388683530722e-03
-5.843702398439083907e-03
2.188071343427401561e-02
-5.979988770277427229e-03
1.210615950378630436e-02
8.072960286389919277e-03
-7.028519521006191748e-03
2.268223249882862780e-02
1.159307949105102716e-02
-7.095653775052431465e-03
1.366948298821104267e-02
1.976560540041838801e-02
-3.584733055132709699e-03
1.488913513298965006e-02
1.303636150133976115e-02
-2.157925458318500286e-02
2.062420615276462643e-02
-2.236347874389865015e-02
-1.061921537733062290e-02
1.117502892526422466e-02
1.190219828059951726e-03
-3.815048361562471679e-02
3.241484925766436459e-02
-1.901126556205832291e-02
-1.017799525004680315e-02
1.918072311362919308e-02
-1.761549456760148902e-02
-5.432167679003469451e-04
9.037840976420262462e-03
-9.865707045822442664e-03
-1.300222399741188771e-02
2.113126532977779859e-03
1.345600823004258761e-02
3.388111313776987626e-02
1.400642451582541879e-02
9.188741841355709331e-03
5.586258186605517692e-03
-5.008738822642703342e-02
-1.216264796985576033e-02
-1.191542345383193001e-02
-1.429209058299405269e-02
-1.760947757646696629e-02
-2.267819447418264675e-02
-6.047711086517758988e-03
8.147991323660055615e-03
1.082519622272789042e-02
-3.492304569809603215e-02
8.485472829885321033e-03
-2.144703815862423601e-03
-3.970726211467439856e-03
4.663018058570584518e-02
-7.919656207661792888e-03
2.301398572032522117e-03
-4.645127675679445209e-04
1.634460129374477877e-02
1.282272729865328344e-02
3.965005029681160920e-03
-2.109702976091420643e-02
4.398759101836456284e-03
-5.268105492606491545e-03
-1.385681389437410857e-02
6.525866204537880515e-03
1.586856540753989880e-02
-4.577205284893939852e-02
2.556325613598787322e-02
2.673622977644253204e-02
1.416286661494045584e-02
2.611548378502035264e-02
-5.350220169718700874e-02
-3.147748598714050078e-02
4.858065059129612617e-03
-2.663432524951880442e-03
8.027101404880953445e-03
3.427635295706730860e-03
1.707617691815416922e-02
1.099450889545405471e-02
1.401446887455992316e-02
9.776959080927113965e-03
-4.453485700260453872e-02
-1.266019377335450037e-02
2.589191893638173592e-02
-1.132043108155542446e-02
-9.147226066689589236e-03
4.872345414440136871e-03
6.984992782697711095e-03
-1.180902240062941047e-02
2.651260632205077947e-02
-9.203465888451174692e-03
-1.368859951121519092e-02
-1.013921031224856301e-02
2.140686680386462079e-02
4.633898782147462259e-02
5.638644463964063297e-03
1.036927825791401914e-02
-1.980304056111023212e-02
2.796497899983880174e-03
1.845386024876831052e-02
-3.025441573678997603e-02
-2.985149712545650397e-02
-4.153939001392140812e-02
1.812178981123431162e-02
1.528705695963302174e-03
1.221399510358992489e-02
3.778509482752732268e-02
1.246978385816362861e-02
5.697758473108861105e-02
-3.287771192717807954e-03
-3.125602007559900083e-03
-1.767803806859494578e-02
1.270145741666222489e-02
3.895651394280189028e-02
-5.038991632906874088e-03
5.189935462234248828e-03
8.903427966510961758e-03
1.221285875555765468e-02
-3.222032568472896902e-02
2.239845688215921435e-02
-1.992924280748768068e-02
1.414927823820672295e-02
9.252666549647433139e-03
-2.145416932352147560e-02
6.965595280199598539e-03
4.365486361719704556e-02
-1.804768198339107288e-03
1.200261367715881045e-02
4.159571826569277014e-02
-3.829984710242847860e-03
-2.930861208106892712e-02
-2.986938795033627567e-02
-4.019555383373587393e-02
-1.350450853102937165e-02
3.804870520550205065e-03
7.715662430884738347e-03
2.162743741533982439e-02
-1.453426920318509272e-02
5.331289375727880789e-04
3.796528470551774597e-03
-9.301544755830157274e-03
6.454805435977482853e-02
6.639128780705196020e-03
-7.422952720775708238e-03
-1.850174908232802423e-02
-3.030867072140311369e-02
3.942147885273411534e-02
1.773361160391854346e-02
3.918806852262276424e-04
-5.737428313031217413e-03
3.879044970233223172e-02
2.388215349703716114e-02
-1.538108014649173724e-02
1.590837984835893198e-02
-2.868839927017008060e-02
2.264991277080403379e-03
-1.446159790999549180e-02
8.565637894666628185e-03
3.144658583725843531e-02
-1.111391540643217289e-02
-7.430326256086906139e-03
-5.185748561468490198e-03
-5.913496007760220274e-03
3.024431611643255829e-02
-1.570653074227936277e-02
1.531257049351289132e-02
-8.317928701470835018e-03
-1.987758620223532141e-02
8.061703408100310414e-03
3.258954688311932468e-02
2.768013148652334089e-03
-2.614317147920759699e-02
3.512770374119861955e-03
-3.028386749922230142e-02
-1.337883224312391706e-02
-4.013795668891227686e-03
8.262982606466136304e-03
-2.852088501568958434e-02
1.924732687551100260e-02
-5.290026162362290035e-03
-1.803725255821280122e-03
-4.062327896730330741e-03
-2.916580936311484289e-03
1.973235213450841470e-03
8.903025906046803731e-03
-3.497471448862929724e-03
-2.844118947457563440e-03
1.541536743897113128e-02
1.316931047371233850e-02
1.013530483118899733e-02
-1.421315037788474338e-02
1.568068283980736041e-02
2.676468849229149405e-02
-1.121387893627248666e-02
1.510453409255798143e-02
-2.383582577473200743e-03
-7.305945236099883888e-03
5.458674051852254426e-03
-1.210999937595216673e-02
-6.111120457701506303e-03
-1.819551029618543189e-02
4.085741682257564185e-03
1.050482467213226419e-02
-8.461400831537515058e-03
-1.606992154083867336e-02
-3.664069770432579892e-02
-5.593615286074117218e-03
1.283017985683160105e-02
3.043067363780224688e-02
-8.527542969645753382e-03
5.360192738461575478e-03
-2.927188800511179578e-02
-4.601814538062926063e-02
-1.862956680318517480e-02
7.139657557994680617e-03
2.316144301108652350e-03
-1.247135792658980377e-02
-2.766457543441271528e-03
-3.001875577148951924e-02
2.040935209258123648e-02
-5.333222325976889888e-03
8.590138399582798040e-03
-1.350798522045743716e-02
2.148947835701567680e-02
-1.226549620241746373e-03
-1.499067511766491965e-02
3.736785420301331779e-03
-3.448589717551005240e-02
-1.295901788631113882e-03
-1.228402321659800671e-02
4.953811864507889559e-03
-7.205721223103166151e-03
9.906660756800788128e-03
-3.539162229530561001e-03
1.612675481690863805e-02
1.601559594246377422e-02
1.789710021763388226e-02
-2.030276342044274110e-02
-2.191032076441713078e-02
-2.132727808877891290e-02
9.422563490555617080e-03
-1.483686351156472075e-03
-4.255566325600894893e-03
-4.936852208871576539e-03
-2.429699705680912064e-02
1.018176106587408494e-02
2.212582671643788246e-02
5.273897116028457288e-03
-5.883095494752177239e-03
3.343520775556003966e-02
-1.591295235789656759e-02
1.420647782457536840e-02
-1.071428740918567955e-02
-6.009046782328931330e-03
-2.473175214611218059e-02
6.874675923147360868e-03
-1.542478473927222891e-02
-1.732962456851387320e-02
4.273824608297588368e-02
1.041849482550536408e-02
-5.093170525829647348e-03
2.058271595952770525e-02
8.626472489801011861e-03
4.975339440141437683e-03
4.937615219973628088e-03
-1.504936625348084374e-02
1.454497447312633543e-02
1.558193192211813558e-02
1.031818498386181601e-02
-2.922708192280891112e-02
2.224245254133196820e-02
9.106925340011808728e-03
-2.106241764909541625e-02
2.000686110983701527e-02
3.706548804650133117e-02
1.015685160045029164e-02
-4.364906361792675327e-02
5.645024843595706533e-03
-1.026252138354463023e-02
-3.269190839848612473e-02
-1.193326677876293922e-03
4.189012782282218808e-03
2.124194569612253281e-02
-5.026319341098089977e-02
7.373588414368711583e-03
-1.043745571401638768e-02
4.439668530816528015e-04
-9.580710312514176957e-03
-1.413383498706108701e-02
-4.785061167436771221e-03
9.348887003859277650e-03
-7.149277185891068052e-04
-4.764888442368266086e-02
2.141183565133876476e-02
4.812472190356912455e-03
2.023308186282057539e-02
-8.088410331640788486e-03
5.434425321151229414e-03
2.141534581513805310e-02
4.843546137153571275e-03
-9.476256007316302687e-03
2.448775778083530155e-02
-5.900081356687379881e-03
-1.816784538515467569e-03
8.292696758684034442e-03
2.617920569236478062e-02
-2.706230022840522970e-02
-2.515414567674769883e-02
-3.720134027270220051e-02
8.484742207664212194e-03
-2.122031680104144447e-02
-4.871988201045647851e-03
1.305396441073570016e-02
1.667255202353949695e-02
-5.601101558128629074e-03
2.494852774873602269e-02
-1.520508221040416628e-02
7.757428682666091431e-03
-9.751015359474332275e-03
-1.326378288044870873e-02
-1.402336052979775462e-02
2.203946975839367675e-02
-7.579614734701822960e-03
1.125252157752199694e-02
1.696391535862349156e-02
-3.390169676318175590e-02
-6.466110834972661932e-03
5.133113487297677816e-03
-5.922298529418123375e-03
-1.969912852629979172e-02
-3.331155583584786278e-02
-3.811483374645697336e-03
-5.670074174524865687e-03
3.942274063439615839e-02
-8.923419073508249977e-03
8.569658182396472021e-03
2.096105955768368459e-02
1.955044672044384951e-02
-1.303830093183055809e-02
-6.609244907341348986e-03
-2.010345305124412035e-03
-1.018143817874727578e-03
-2.157803046574990197e-02
7.715158595051330864e-03
-4.420952417219412706e-02
3.460018490791023221e-02
5.605022632573358581e-03
1.812668946155961830e-02
4.198385421548499197e-02
1.733142752134272241e-02
1.000551429750741808e-02
2.281052374439345581e-02
-2.447590988183035235e-02
1.892231219296716931e-03
-7.877092860483927636e-03
2.652936626401703954e-02
-9.362804456480949139e-03
1.392877049593563288e-02
2.036246413082139564e-02
2.091899099758589772e-02
-2.397218802583594641e-02
9.501776323450341136e-03
1.032217402136515047e-03
2.886499934513358026e-02
-2.380011434800014588e-03
-2.088684126422485007e-02
-2.086766320253046272e-02
-9.302533317014921241e-03
-1.451161886152638365e-02
2.050441513627953433e-02
-2.177519738438316727e-02
2.671170972885784922e-02
-9.472933815333466762e-03
3.820133267431387314e-02
-4.919353435029917565e-02
-5.283578324600188975e-02
2.011609057264298478e-02
-1.435667717648347191e-02
1.475374937606624935e-02
1.400835578470152609e-02
1.179401497759045153e-02
1.430631360558799747e-02
-2.295597547035987604e-02
-7.963572508266212463e-03
-8.023140224427644657e-03
1.152760835628422083e-02
1.437839205428130020e-02
1.185300374086295690e-02
-2.866368761767284709e-02
-3.818352599634500157e-03
5.409879970296759856e-03
1.960640588292408490e-02
1.667945035913152851e-02
1.222779017737534411e-02
3.486721508494665389e-02
2.435994322460240460e-02
-9.264020952913735313e-03
9.798609275892367770e-03
-9.210021226562770807e-03
1.890829668891966589e-02
-9.432706091099796880e-03
-2.020318428501184112e-05
-2.046003928906190567e-02
4.316136181643099798e-03
-1.813983018373762843e-02
8.903161924572905797e-03
-3.297852933278910739e-03
-2.129893948891171257e-03
-5.355009182040514591e-03
-2.990559326668891862e-02
1.660720512002829274e-02
-1.354975111617918917e-03
-1.952212368839540552e-04
1.503737842399386487e-02
-1.652189197035830448e-02
1.412059111057422820e-03
-6.088433042445156630e-03
1.088207355545202197e-02
-7.863339582897910934e-03
-3.301438535076482023e-02
1.883103954027681194e-03
-1.431439549796769198e-02
-9.468638245488138205e-03
2.115915305060940207e-02
-1.959486223314565664e-02
1.222034054187025667e-02
-1.691043649089427406e-02
-6.659348451388565245e-03
-1.447803970545954999e-02
9.692972416203197994e-03
-2.940530456381159827e-02
-2.277255609608882722e-02
4.567720812488883404e-03
4.170756804848576964e-03
5.395045573329913281e-03
1.198417801721152198e-02
2.676668727350534766e-02
1.299749815934946506e-04
-1.041847414998937600e-03
-1.595953067555605162e-02
6.404288376224988831e-03
1.378880334025697069e-02
2.254776686246749099e-03
1.203630871822020413e-03
-2.990366247181502554e-02
-3.491494596242272069e-02
1.094147838536037830e-02
1.915327779221645543e-02
-1.717552552724833925e-02
-3.590418447968569959e-02
-1.579265134385761523e-04
-1.243720101027176277e-02
2.084168652023983895e-02
-1.184598359136121611e-02
-1.532428695856704291e-02
9.076295251940702524e-03
-6.132742302054866416e-03
2.397379060371959691e-02
1.566676202727106115e-02
4.358543788093957594e-03
1.604575390819877601e-02
1.159833652328683996e-02
1.464849219015454699e-03
1.596570627306860817e-03
-4.096821364885838181e-03
3.096620136570382188e-03
5.630215742846068558e-03
6.301732467101069102e-02
-3.183720567266779683e-02
1.355253456192402053e-03
5.467888891411870275e-03
3.130233047380939510e-03
-9.038178393223881418e-03
-4.546189795224652580e-03
2.459189695259543160e-02
5.669606166016119900e-03
1.971719948627378982e-02
-3.919119500073651313e-03
3.824280262168059524e-02
-7.188455845967570146e-03
3.617152813305170300e-02
-3.779456928624794904e-02
-7.644876861185046987e-03
-3.092034760678626787e-02
-1.020324791956018183e-02
-1.421937434823573009e-02
-1.769925600708369476e-02
-4.488756456001764990e-03
8.440147375902816093e-03
1.755921417634202786e-02
-1.447690028381535057e-02
-2.059804170497033307e-02
-4.511405879706563427e-02
2.897053654035622447e-04
-6.810066144085375611e-03
9.196535331037040267e-03
1.031558208276960259e-03
-1.010662372799358069e-02
-5.526687973017225565e-03
1.866198818374940199e-02
3.371017801095712446e-02
6.360965549245384959e-03
-9.353706003204065311e-03
-8.572464577428525259e-03
-1.297659495184630939e-02
2.700100540784403785e-02
-2.821527722351904396e-02
-2.407838951394624186e-02
7.647665201623839691e-03
3.943156133031049809e-02
2.757818625882696439e-02
1.347013267065701701e-02
1.665678047357112279e-02
-2.029229314193298217e-02
4.633085730297615244e-03
-2.047437583387722720e-02
-1.009843761884529796e-02
-2.913893776968683180e-02
-3.224149755327816507e-04
1.326080630913950044e-02
-7.070319800744820533e-03
-6.563279202292850861e-03
8.816489052308104299e-03
-2.492397766982519872e-02
5.316196927451155574e-02
2.654483533009662898e-03
-1.936823374301074180e-02
-2.245549885366712392e-02
-1.898478935618475028e-02
3.839917631796251041e-04
2.650565004601117269e-02
2.469613696830488814e-02
9.704842248690895984e-03
5.761093831129374208e-04
-1.619949743184802629e-02
-3.136903767052718478e-02
2.351141574968313233e-02
1.162511984539193501e-02
3.018818734449368532e-02
7.544710784566011595e-03
-2.743796579325777710e-02
6.248885424933706308e-03
-1.130420963813909101e-02
2.070943564935340958e-02
-3.053664400810429669e-02
-3.355223182111018165e-03
2.826683253691372397e-02
-7.721928751321864397e-04
-7.216286233459248169e-03
-3.514450669152165661e-03
-4.341027696917457157e-02
1.272744204617332758e-02
1.444682984957177188e-02
-4.560586387630748834e-03
3.600690067173366836e-03
1.108199221915412425e-02
-1.383096119300469308e-02
8.369230920097690818e-03
5.979575263122412741e-03
-1.802467332653153375e-03
7.001146682880630273e-03
-2.515602967138306362e-02
-2.638280887020257037e-02
7.628428765798347944e-03
3.016381261091690899e-02
-1.445970771924404499e-02
5.742851566470087189e-03
3.424892420400400123e-02
-1.477429363137591420e-02
1.902062230406918394e-02
-5.432248723786040415e-03
-7.388526180564202774e-03
1.405519778361107551e-02
1.007273708065912002e-02
-1.751401725836225845e-02
-2.653352114029364824e-03
-6.279201401626137392e-04
-2.593377901259912716e-02
1.123624036785436653e-02
-8.872477549479748302e-03
-5.089748950219681698e-05
1.518452221664788043e-05
3.628064949439529369e-02
-3.175456573648423146e-03
2.838440958490869720e-02
-7.671687356693954705e-03
1.516388690874020777e-02
-8.996382358474119129e-03
-1.875296605631791499e-02
-2.669472998900223118e-02
-4.100113136042028185e-03
-3.146446982165773676e-02
3.438480973346202951e-02
2.245549869635119974e-02
-2.549760603839998363e-02
-1.760989884191365166e-04
1.703580090811802634e-03
2.330222297124418668e-02
1.398977180134301952e-02
4.365172722031820246e-03
3.969851295432835769e-02
-1.425651635579364487e-02
1.923162091048685393e-02
-1.062129401347233423e-02
-1.846097400792086340e-02
-2.304235816496565462e-02
1.127196471304394917e-02
8.200871091853625602e-03
-2.027506881045802387e-02
-9.393102448663740237e-03
-3.622566094442236651e-02
9.039896175921748045e-03
5.836830967019587986e-03
6.447210380363465644e-03
-1.635807110354040722e-02
-9.247866020519593389e-03
2.027331762461969181e-02
-8.015032161481623271e-03
1.444478012440800554e-02
-2.852527922611414885e-03
2.166861361611868361e-02
-1.045432408772893791e-02
-7.196738254352240058e-03
-1.255263521806720668e-04
1.506872091470154093e-02
-2.322552298478236868e-02
1.178708832775524941e-02
3.226116035065125509e-02
1.119187084793874833e-02
-7.906329491729651923e-03
-4.265623841792913658e-03
-4.717198725369549719e-03
2.526948590253531857e-02
1.866213392995788589e-02
2.696883887957170559e-02
-3.046549192976512332e-02
2.769036842424158970e-02
-1.447570909863028603e-02
-1.690842792464991584e-02
2.238163436879110624e-02
-1.681388153722883361e-02
-1.832753965390000045e-02
2.741469655531562563e-02
-2.684819026041190132e-02
-2.516799366096709317e-02
-7.039021658681407501e-03
-2.118011666935569470e-02
1.749692173782133042e-02
6.115010002485564422e-03
-2.287366059778189395e-02
1.815421930008079623e-02
2.708881199612128698e-02
1.943978021389205363e-02
-1.378474154521471852e-02
-1.746906363603236215e-02
-2.411909130080571156e-03
-3.733192972164914303e-02
1.424766919401003300e-03
-1.513106548289578843e-02
-4.923412388832075753e-04
2.899437400395066863e-03
5.155163829680272335e-03
1.507885730165268567e-03
1.528736446093612728e-02
-5.188172647744302216e-03
-2.711443567429134074e-03
-1.400667773259151559e-02
-6.906299987333970949e-03
-3.200738817526278183e-04
4.796205103636153044e-02
-1.105266353849318484e-02
1.639001313465476839e-02
-2.222357916928200533e-02
1.091065808986318129e-02
-5.371973323776722820e-03
2.004222106298787862e-03
-2.958629413938655348e-02
-3.323542423903233511e-02
2.993432491370372206e-03
9.999999999999987788e-01
8.644733840363269788e-04
-3.686919654716668720e-05
-7.566817365695397779e-05
9.815595866560783292e-05
3.042150865463224500e-04
9.999999999999982236e-01
-1.028507806794972095e-03
-6.377467918971842632e-05
6.591035916563652529e-04
4.570951461574415914e-04
6.547562600957111808e-04
9.999999999999988898e-01
1.026668458216045514e-04
8.123515363833379212e-04
-5.228197818657090001e-04
-1.245678350223301594e-04
4.812164052545760129e-04
9.999999999999977796e-01
9.315051727713616770e-04
-4.333345197114521594e-04
1.019007861800412713e-04
2.720249785106605158e-04
-1.525714349563129103e-05
1.000000000000004885e+00
1.097143420821504673e-03
1.063635048986557273e-03
3.989703964008709869e-05
1.288547670407083059e-03
-2.967450567636362776e-04
4.612905471195413070e-16
2.450572805593988157e+00
2.839845970023146399e-02
6.368328828183663637e-01
6.285130296744578793e-01
4.929018650164846704e-16
-3.901829685273113135e+00
-1.590032981877497198e-01
6.139711712968753954e-01
6.548749959417027311e-01
8.029454659829687982e-16
1.088892762155952543e+00
1.383924846434449574e+00
6.485495416383446621e-01
5.998602688560953355e-01
5.698284700903689584e-16
2.563224669443634252e+00
-1.403845799574155562e+00
6.164884523255371729e-01
6.378960616140844087e-01
9.616075281853348544e-16
3.809237236340011101e+00
3.742241252106234928e+00
6.199683007195233575e-01
5.906584544944106785e-01
